[200,2,536,376]
[201,3,547,302]
[202,4,531,418]
[203,11,375,307]
[204,5,537,416]
[205,1,393,386]
[206,9,405,379]
[207,9,538,504]
[208,7,476,336]
[209,8,493,446]
[210,11,463,432]
[211,3,396,306]
[212,11,518,412]
[213,8,367,350]
[214,7,509,411]
[215,1,373,363]
[216,6,543,479]
[217,5,398,383]
[218,5,469,324]
[219,6,401,330]
[220,4,430,346]
[221,6,472,304]
[222,10,370,327]
[223,5,415,323]
[224,9,460,413]
[225,8,421,309]
[226,1,391,390]
[227,1,356,324]
[228,6,396,336]
[229,7,466,427]
[230,10,390,326]
[231,11,441,350]
[232,5,503,349]
[233,11,499,306]
[234,4,414,396]
[235,1,530,340]
[236,11,518,448]
[237,9,388,386]
[238,4,508,479]
[239,7,361,350]
[240,3,448,422]
[241,11,355,355]
[242,8,444,420]
[243,3,544,486]
[244,10,353,348]
[245,9,511,404]
[246,6,473,394]
[247,9,416,339]
[248,9,413,396]
[249,4,360,349]
[250,5,415,360]
[251,6,425,304]
[252,6,479,471]
[253,10,419,400]
[254,2,520,471]
[255,5,443,320]
[256,11,544,325]
[257,2,487,337]
[258,7,404,322]
[259,1,402,398]
[260,6,548,316]
[261,11,516,332]
[262,4,358,301]
[263,4,455,327]
[264,7,408,329]
[265,3,509,419]
[266,6,473,464]
[267,1,505,492]
[268,4,398,324]
[269,1,471,456]
[270,3,459,328]
[271,11,427,378]
[272,9,445,352]
[273,4,534,343]
[274,5,548,545]
[275,8,517,508]
[276,5,429,412]
[277,10,446,319]
[278,11,363,315]
[279,2,430,424]
[280,3,483,341]
[281,11,527,434]
[282,5,426,356]
[283,8,537,306]
[284,3,499,370]
[285,11,516,471]
[286,4,494,363]
[287,9,388,355]
[288,7,360,343]
[289,3,394,313]
[290,5,386,341]
[291,10,458,413]
[292,4,434,397]
[293,11,428,315]
[294,6,457,314]
[295,2,549,538]
[296,10,402,312]
[297,8,468,342]
[298,6,529,308]
[299,7,491,379]
[300,8,474,382]
[301,2,388,309]
[302,7,388,302]
[303,11,366,323]
[304,2,358,336]
[305,6,541,400]
[306,8,369,323]
[307,6,397,335]
[308,1,533,430]
[309,8,378,376]
[310,10,397,390]
[311,4,367,322]
[312,10,456,359]
[313,10,483,357]
[314,2,519,301]
[315,1,548,320]
[316,10,393,371]
[317,5,455,427]
[318,11,464,414]
[319,4,354,311]
[320,8,473,321]
[321,4,460,364]
[322,6,420,303]
[323,6,529,488]
[324,6,541,304]
[325,4,441,365]
[326,6,436,362]
[327,6,434,338]
[328,10,352,314]
[329,3,462,363]
[330,11,380,344]
[331,10,528,444]
[332,6,457,370]
[333,10,389,346]
[334,2,492,345]
[335,11,357,321]
[336,8,430,331]
[337,3,480,410]
[338,4,464,398]
[339,8,501,411]
[340,8,452,315]
[341,8,400,378]
[342,5,467,465]
[343,8,504,377]
[344,1,367,332]
[345,4,423,418]
[346,10,461,315]
[347,11,516,429]
[348,8,488,305]
[349,6,435,396]
[350,2,456,351]
[351,7,388,382]
[352,2,368,337]
[353,10,391,354]
[354,10,350,347]
[355,4,454,440]
